close all
clc


% P1=abs(P);
P1=P;
% P1=P(1:18,1:18);
% P1=P(19:size(P,1),19:size(P,2));
% P1=abs(P(19:size(P,1),19:size(P,2)));


if(0)
%     maxv = median(P1(:));
%     maxv = median(P1(P1~=0));
%     maxv = max(P1(P1~=0));
%     maxv = min(P1(P1~=0));
%     maxv = mean(P1(:));
%     maxv = max(P1(:));
%     mapped_array = P1 ./ maxv;
    mapped_array=P1;
end


if(1)
    medP=median(P1(:));
    minP=min(P1(:));
    maxP=max(P1(:));

    mapped_array=zeros(size(P1));

    for(i=1:size(P1,1))
        for(j=1:size(P1,2))
            if(P1(i,j)>medP)
                mapped_array(i,j)=medP+P1(i,j)/(maxP-medP);
            elseif(P1(i,j)<medP)
                mapped_array(i,j)=medP-P1(i,j)/(minP-medP);
            end
        end
    end
end



imagesc(mapped_array);
% colormap(flipud(gray));
axis ij
axis square
grid on


break


%% %%%%%%

%%

% two unknown landmark + one known landmark: Cov In Pos != 0

close all; clear all; clc

P=[ 3.12589e-08  2.07391e-08 -8.91845e-09  3.43203e-07  2.07793e-07  -8.9658e-08  1.83527e-06  9.42722e-07 -4.08406e-07  2.94453e-09  1.38056e-09 -3.66206e-10   1.2343e-09  9.67132e-09  1.70784e-08            0            0            0 -4.00194e-10 -8.12394e-10 -7.46713e-09  6.33348e-16 -2.05672e-16  8.08289e-16  1.33952e-15  1.65535e-15 -1.47895e-14  2.49732e-13 -6.55159e-15 -9.58897e-14 -3.06646e-14 -4.93436e-14 -4.60372e-14 -1.60251e-14  2.35806e-13 -4.52411e-13
 2.07391e-08  1.99308e-08 -6.79743e-09  2.07462e-07   2.3011e-07 -6.82829e-08  9.38141e-07  1.32679e-06 -3.10825e-07 -3.73212e-09  9.89677e-10  5.18025e-10 -1.00286e-08 -1.12985e-09 -2.08783e-08            0            0            0 -2.90011e-10  1.08997e-09 -5.70115e-09 -8.34197e-16 -1.67263e-16  6.10789e-16 -3.45884e-16  4.02047e-16 -2.03901e-14  1.59296e-13 -2.68332e-15 -1.40984e-13 -6.79395e-15 -3.28196e-14 -1.88662e-14 -1.03496e-14  6.66733e-14 -3.90913e-13
-8.91845e-09 -6.79743e-09  6.96125e-09 -8.90923e-08 -6.79554e-08  9.99483e-08  -3.9998e-07 -3.05777e-07  7.33413e-07 -7.23001e-11  4.47046e-09  9.85783e-11 -1.72918e-08  2.16226e-08 -1.66573e-10            0            0            0 -1.24219e-09  1.17228e-11  2.47176e-09  9.21294e-18 -1.01332e-15 -2.64947e-16 -8.05443e-16 -7.89074e-16  5.19904e-15 -4.33106e-14  1.22592e-15  3.03795e-14  8.73958e-15  1.82978e-14  6.59072e-15  3.72595e-15 -4.16688e-14   1.2957e-13
 3.43203e-07  2.07462e-07 -8.90923e-08  7.12269e-06  3.53426e-06 -1.52703e-06  6.18802e-05  2.16921e-05 -9.40043e-06  5.05718e-08  2.15911e-08 -6.44536e-09  4.80521e-08  2.86785e-07  5.37403e-07            0            0            0  -1.3161e-08  -3.1617e-08 -1.52182e-07  1.54909e-17 -1.03275e-18 -1.32458e-17  3.72602e-14  4.00467e-14 -2.25117e-13  5.48844e-12 -1.56009e-13 -1.39877e-12 -7.67965e-13 -1.03918e-12 -1.10416e-12 -3.49935e-13  5.87236e-12 -8.91383e-12
 2.07793e-07   2.3011e-07 -6.79554e-08  3.53426e-06  5.19288e-06 -1.16172e-06  2.16433e-05  5.00893e-05 -7.13976e-06 -6.50127e-08  1.53306e-08  9.12219e-09 -3.12648e-07  -5.0863e-08 -6.83238e-07            0            0            0 -9.42932e-09  4.17024e-08 -1.16259e-07  1.13794e-17 -1.42522e-18  1.36724e-17 -2.41204e-14 -2.65014e-15  -5.2223e-13  2.98457e-12 -2.99505e-14 -3.67756e-12  5.40252e-14 -6.06496e-13 -2.15566e-13 -1.91356e-13  1.20969e-13 -8.56367e-12
 -8.9658e-08 -6.82829e-08  9.99483e-08 -1.52703e-06 -1.16172e-06  2.97568e-06  -9.3351e-06 -7.10454e-06  3.64273e-05 -1.07327e-09  7.84394e-08   1.7039e-09 -5.62765e-07  7.04957e-07  1.43729e-09            0            0            0 -4.85983e-08  5.47815e-10  4.97299e-08 -3.36645e-18  1.48051e-19 -3.25839e-18 -2.63391e-14 -2.23878e-14  8.45819e-14 -2.81603e-13  1.49088e-14  3.99707e-13   1.9696e-13  4.14971e-13  2.82266e-14  5.05215e-14 -5.26626e-13  2.13562e-12
 1.83527e-06  9.38141e-07  -3.9998e-07  6.18802e-05  2.16433e-05  -9.3351e-06   0.00109782  0.000164767 -7.13866e-05  4.23654e-07  1.71989e-07 -5.68361e-08  6.05089e-07  3.19876e-06  6.32292e-06            0            0            0 -2.03019e-07 -5.34141e-07 -1.37163e-06  4.60042e-17  -8.9557e-17 -4.69963e-17  5.00653e-13  4.64604e-13 -7.67487e-13  5.61092e-11 -1.77919e-12 -3.42709e-12 -9.28193e-12 -9.91479e-12 -1.26996e-11 -3.52307e-12  7.05998e-11 -7.53167e-11
 9.42722e-07  1.32679e-06 -3.05777e-07  2.16921e-05  5.00893e-05 -7.10454e-06  0.000164767   0.00100814 -5.41669e-05 -5.50342e-07   1.2122e-07  8.03515e-08 -3.56124e-06  -6.6587e-07 -8.15019e-06            0            0            0 -1.43943e-07   7.0219e-07 -1.04991e-06  2.86576e-17  4.30723e-17 -3.97121e-18 -5.03551e-13 -2.04971e-13 -6.49582e-12  2.25407e-11  1.43938e-13 -4.66312e-11  3.70372e-12 -4.42983e-12  8.77351e-13 -1.41407e-12 -1.96168e-11 -8.72246e-11
-4.08406e-07 -3.10825e-07  7.33413e-07 -9.40043e-06 -7.13976e-06  3.64273e-05 -7.13866e-05 -5.41669e-05  0.000903819 -7.84854e-09  6.66576e-07  1.43009e-08 -6.71024e-06  8.41204e-06  4.77898e-08            0            0            0  -8.2858e-07  9.11665e-09  4.47031e-07 -8.59169e-17  6.19133e-18 -9.94755e-17 -4.03148e-13  -3.0901e-13  4.33728e-13  7.27648e-12 -2.95615e-14  1.25681e-13   2.1169e-12  4.50801e-12  -1.4816e-12  6.91746e-14  5.06471e-13  1.13865e-11
 2.94453e-09 -3.73212e-09 -7.23001e-11  5.05718e-08 -6.50127e-08 -1.07327e-09  4.23654e-07 -5.50342e-07 -7.84854e-09  7.28451e-09 -3.01675e-12  2.39506e-10  6.61998e-09  4.32434e-09  5.62649e-08            0            0            0 -1.43831e-12 -1.56773e-09 -1.76893e-11  2.99414e-21  2.52145e-19  7.06282e-20  1.25942e-15  7.98202e-16   8.3038e-15  2.89574e-14  -2.1309e-15  6.19254e-14 -1.53174e-14 -4.60009e-15 -1.49742e-14 -1.83019e-15  1.04143e-13  4.09146e-14
 1.38056e-09  9.89677e-10  4.47046e-09  2.15911e-08  1.53306e-08  7.84394e-08  1.71989e-07   1.2122e-07  6.66576e-07 -3.01675e-12  7.26429e-09 -3.67913e-11 -3.29385e-08  4.50457e-08  8.57503e-11            0            0            0 -1.54851e-09 -1.70304e-12 -6.50647e-11  2.84223e-19 -7.41641e-22  4.17414e-19 -6.35631e-16 -4.04942e-16  -1.3576e-15  4.10623e-14 -7.17345e-16 -1.40686e-14  9.90261e-16  2.60565e-15 -7.35171e-15 -1.67126e-15   2.3462e-14 -3.44506e-14
-3.66206e-10  5.18025e-10  9.85783e-11 -6.44536e-09  9.12219e-09   1.7039e-09 -5.68361e-08  8.03515e-08  1.43009e-08  2.39506e-10 -3.67913e-11   9.0983e-09 -7.99025e-08 -6.23418e-08  3.41666e-08            0            0            0 -3.13659e-11  1.68335e-10  3.55095e-13  5.46571e-21 -3.32959e-20 -9.22226e-22 -1.48171e-16 -9.39274e-17 -9.19994e-16 -2.26748e-15  2.14095e-16 -6.94066e-15  1.66452e-15  5.45665e-16  1.45746e-15  1.62103e-16 -1.07019e-14 -5.10912e-15
  1.2343e-09 -1.00286e-08 -1.72918e-08  4.80521e-08 -3.12648e-07 -5.62765e-07  6.05089e-07 -3.56124e-06 -6.71024e-06  6.61998e-09 -3.29385e-08 -7.99025e-08   0.00012127  8.17906e-07 -5.49493e-07            0            0            0  1.18605e-08 -7.25958e-09  1.20957e-09 -5.73616e-18  2.68744e-18 -2.19314e-18  1.06231e-14  6.66255e-15  5.09223e-14 -2.04237e-13 -3.82697e-15  4.08336e-13 -7.61948e-14  -3.6231e-14 -9.24568e-15  5.88401e-15  2.84579e-13  5.03336e-13
 9.67132e-09 -1.12985e-09  2.16226e-08  2.86785e-07  -5.0863e-08  7.04957e-07  3.19876e-06  -6.6587e-07  8.41204e-06  4.32434e-09  4.50457e-08 -6.23418e-08  8.17906e-07  0.000120909 -4.38973e-07            0            0            0  -1.5074e-08 -5.35738e-09 -1.68714e-09  7.17812e-18  2.12282e-18  1.10182e-17 -1.78164e-15 -1.04145e-15  1.25748e-14  5.28171e-13 -1.49428e-14  5.74522e-14 -4.56172e-14  3.32297e-15 -1.27416e-13 -2.44616e-14  6.06582e-13 -2.57919e-13
 1.70784e-08 -2.08783e-08 -1.66573e-10  5.37403e-07 -6.83238e-07  1.43729e-09  6.32292e-06 -8.15019e-06  4.77898e-08  5.62649e-08  8.57503e-11  3.41666e-08 -5.49493e-07 -4.38973e-07  0.000120536            0            0            0 -2.83745e-10 -1.76156e-08 -1.94561e-10   1.8929e-20  8.22901e-18  1.24663e-17  1.40394e-14  8.89597e-15  9.31073e-14  3.32001e-13 -2.40562e-14  6.93632e-13  -1.7189e-13 -5.11384e-14 -1.69448e-13 -2.08229e-14  1.17386e-12  4.54735e-13
           0            0            0            0            0            0            0            0            0            0            0            0            0            0            0            0            0            0            0            0            0            0            0            0            0            0            0            0            0            0            0            0            0            0            0            0
           0            0            0            0            0            0            0            0            0            0            0            0            0            0            0            0            0            0            0            0            0            0            0            0            0            0            0            0            0            0            0            0            0            0            0            0
           0            0            0            0            0            0            0            0            0            0            0            0            0            0            0            0            0            0            0            0            0            0            0            0            0            0            0            0            0            0            0            0            0            0            0            0
-4.00194e-10 -2.90011e-10 -1.24219e-09  -1.3161e-08 -9.42932e-09 -4.85983e-08 -2.03019e-07 -1.43943e-07  -8.2858e-07 -1.43831e-12 -1.54851e-09 -3.13659e-11  1.18605e-08  -1.5074e-08 -2.83745e-10            0            0            0  5.92841e-06  2.82631e-09  6.53477e-08 -6.22334e-17   3.3307e-17  1.45911e-17  2.45741e-12  1.58544e-12  4.75438e-12 -1.51603e-10  2.61139e-12   5.0937e-11 -4.39508e-12 -1.11626e-11  2.72118e-11  6.03114e-12 -8.52375e-11  1.20517e-10
-8.12394e-10  1.08997e-09  1.17228e-11  -3.1617e-08  4.17024e-08  5.47815e-10 -5.34141e-07   7.0219e-07  9.11665e-09 -1.56773e-09 -1.70304e-12  1.68335e-10 -7.25958e-09 -5.35738e-09 -1.76156e-08            0            0            0  2.82631e-09  6.02639e-06 -2.14266e-09 -3.12129e-17  6.98379e-17  8.80339e-18 -4.83436e-12 -3.05634e-12 -3.20988e-11 -1.09132e-10  8.14046e-12 -2.39238e-10  5.86659e-11  1.72391e-11  5.72059e-11  6.89396e-12 -3.98635e-10  -1.6171e-10
-7.46713e-09 -5.70115e-09  2.47176e-09 -1.52182e-07 -1.16259e-07  4.97299e-08 -1.37163e-06 -1.04991e-06  4.47031e-07 -1.76893e-11 -6.50647e-11  3.55095e-13  1.20957e-09 -1.68714e-09 -1.94561e-10            0            0            0  6.53477e-08 -2.14266e-09  5.98642e-06 -5.70682e-17  5.63712e-17  4.67724e-17 -6.54242e-13 -1.06523e-12  1.51394e-11 -1.81925e-10  4.25854e-12  1.00668e-10  1.84323e-11  3.81947e-11  2.95586e-11  1.18899e-11 -1.42216e-10  3.75169e-10
 6.33348e-16 -8.34197e-16  9.21294e-18  1.54909e-17  1.13794e-17 -3.36645e-18  4.60042e-17  2.86576e-17 -8.59169e-17  2.99414e-21  2.84223e-19  5.46571e-21 -5.73616e-18  7.17812e-18   1.8929e-20            0            0            0 -6.22334e-17 -3.12129e-17 -5.70682e-17  9.99999e-16   1.4526e-21 -7.32386e-24  2.08658e-18 -1.28337e-18  1.53403e-18  9.85022e-18 -1.39184e-18   9.9544e-18  1.59229e-17  1.01018e-17  1.61626e-17   6.6315e-17  1.05768e-17 -5.07897e-17
-2.05672e-16 -1.67263e-16 -1.01332e-15 -1.03275e-18 -1.42522e-18  1.48051e-19  -8.9557e-17  4.30723e-17  6.19133e-18  2.52145e-19 -7.41641e-22 -3.32959e-20  2.68744e-18  2.12282e-18  8.22901e-18            0            0            0   3.3307e-17  6.98379e-17  5.63712e-17   1.4526e-21  9.99999e-16  1.31044e-24 -2.95452e-18  5.77852e-19 -9.97615e-19 -1.02272e-17  1.03416e-18  -9.4587e-18 -1.60374e-17 -1.04241e-17 -1.73501e-17 -6.37038e-17 -7.92779e-18  5.27809e-17
 8.08289e-16  6.10789e-16 -2.64947e-16 -1.32458e-17  1.36724e-17 -3.25839e-18 -4.69963e-17 -3.97121e-18 -9.94755e-17  7.06282e-20  4.17414e-19 -9.22226e-22 -2.19314e-18  1.10182e-17  1.24663e-17            0            0            0  1.45911e-17  8.80339e-18  4.67724e-17 -7.32386e-24  1.31044e-24        1e-15  1.35091e-19 -4.37939e-21 -6.18192e-20 -6.79682e-20  1.15057e-19 -4.90433e-20  8.25929e-19  1.26058e-18 -4.06935e-19  2.52846e-19  7.06673e-20 -3.29652e-19
 1.33952e-15 -3.45884e-16 -8.05443e-16  3.72602e-14 -2.41204e-14 -2.63391e-14  5.00653e-13 -5.03551e-13 -4.03148e-13  1.25942e-15 -6.35631e-16 -1.48171e-16  1.06231e-14 -1.78164e-15  1.40394e-14            0            0            0  2.45741e-12 -4.83436e-12 -6.54242e-13  2.08658e-18 -2.95452e-18  1.35091e-19  7.69111e-11   4.9118e-11 -4.60216e-11  1.20657e-13  9.01173e-12  3.05003e-13   1.2349e-14  2.19397e-14 -8.69069e-15  1.98625e-15  5.98962e-16  1.21338e-15
 1.65535e-15  4.02047e-16 -7.89074e-16  4.00467e-14 -2.65014e-15 -2.23878e-14  4.64604e-13 -2.04971e-13  -3.0901e-13  7.98202e-16 -4.04942e-16 -9.39274e-17  6.66255e-15 -1.04145e-15  8.89597e-15            0            0            0  1.58544e-12 -3.05634e-12 -1.06523e-12 -1.28337e-18  5.77852e-19 -4.37939e-21   4.9118e-11  4.39326e-11 -3.37574e-11    -1.18e-13  1.26924e-13 -8.13338e-14  8.94206e-15  1.57187e-14 -6.22941e-15  1.21863e-15   3.2066e-16    7.848e-16
-1.47895e-14 -2.03901e-14  5.19904e-15 -2.25117e-13  -5.2223e-13  8.45819e-14 -7.67487e-13 -6.49582e-12  4.33728e-13   8.3038e-15  -1.3576e-15 -9.19994e-16  5.09223e-14  1.25748e-14  9.31073e-14            0            0            0  4.75438e-12 -3.20988e-11  1.51394e-11  1.53403e-18 -9.97615e-19 -6.18192e-20 -4.60216e-11 -3.37574e-11  4.23297e-11  6.42471e-13  1.38637e-13  9.22263e-12 -8.83712e-15 -1.50358e-14   5.5655e-15 -1.25676e-15  1.79962e-15  9.16552e-16
 2.49732e-13  1.59296e-13 -4.33106e-14  5.48844e-12  2.98457e-12 -2.81603e-13  5.61092e-11  2.25407e-11  7.27648e-12  2.89574e-14  4.10623e-14 -2.26748e-15 -2.04237e-13  5.28171e-13  3.32001e-13            0            0            0 -1.51603e-10 -1.09132e-10 -1.81925e-10  9.85022e-18 -1.02272e-17 -6.79682e-20  1.20657e-13    -1.18e-13  6.42471e-13  7.61485e-11  3.71909e-13  5.87798e-13 -1.64658e-15 -1.65723e-15 -2.18527e-15  -8.4445e-16  1.31511e-14 -1.10386e-14
-6.55159e-15 -2.68332e-15  1.22592e-15 -1.56009e-13 -2.99505e-14  1.49088e-14 -1.77919e-12  1.43938e-13 -2.95615e-14  -2.1309e-15 -7.17345e-16  2.14095e-16 -3.82697e-15 -1.49428e-14 -2.40562e-14            0            0            0  2.61139e-12  8.14046e-12  4.25854e-12 -1.39184e-18  1.03416e-18  1.15057e-19  9.01173e-12  1.26924e-13  1.38637e-13  3.71909e-13  7.63047e-11  7.09051e-13  8.94545e-16  1.87376e-15 -6.60419e-16  6.74035e-16 -3.24926e-16  1.71018e-16
-9.58897e-14 -1.40984e-13  3.03795e-14 -1.39877e-12 -3.67756e-12  3.99707e-13 -3.42709e-12 -4.66312e-11  1.25681e-13  6.19254e-14 -1.40686e-14 -6.94066e-15  4.08336e-13  5.74522e-14  6.93632e-13            0            0            0   5.0937e-11 -2.39238e-10  1.00668e-10   9.9544e-18  -9.4587e-18 -4.90433e-20  3.05003e-13 -8.13338e-14  9.22263e-12  5.87798e-13  7.09051e-13  7.65613e-11 -2.53517e-15 -9.10612e-16 -1.56037e-15 -1.56118e-16  1.32278e-14  1.30909e-14
-3.06646e-14 -6.79395e-15  8.73958e-15 -7.67965e-13  5.40252e-14   1.9696e-13 -9.28193e-12  3.70372e-12   2.1169e-12 -1.53174e-14  9.90261e-16  1.66452e-15 -7.61948e-14 -4.56172e-14  -1.7189e-13            0            0            0 -4.39508e-12  5.86659e-11  1.84323e-11  1.59229e-17 -1.60374e-17  8.25929e-19   1.2349e-14  8.94206e-15 -8.83712e-15 -1.64658e-15  8.94545e-16 -2.53517e-15  1.12694e-09  1.78239e-09 -7.17872e-10   4.0011e-12 -4.37888e-11  3.81267e-12
-4.93436e-14 -3.28196e-14  1.82978e-14 -1.03918e-12 -6.06496e-13  4.14971e-13 -9.91479e-12 -4.42983e-12  4.50801e-12 -4.60009e-15  2.60565e-15  5.45665e-16  -3.6231e-14  3.32297e-15 -5.11384e-14            0            0            0 -1.11626e-11  1.72391e-11  3.81947e-11  1.01018e-17 -1.04241e-17  1.26058e-18  2.19397e-14  1.57187e-14 -1.50358e-14 -1.65723e-15  1.87376e-15 -9.10612e-16  1.78239e-09  3.07002e-09 -1.22628e-09  8.31253e-11  4.21517e-12  4.24323e-11
-4.60372e-14 -1.88662e-14  6.59072e-15 -1.10416e-12 -2.15566e-13  2.82266e-14 -1.26996e-11  8.77351e-13  -1.4816e-12 -1.49742e-14 -7.35171e-15  1.45746e-15 -9.24568e-15 -1.27416e-13 -1.69448e-13            0            0            0  2.72118e-11  5.72059e-11  2.95586e-11  1.61626e-17 -1.73501e-17 -4.06935e-19 -8.69069e-15 -6.22941e-15   5.5655e-15 -2.18527e-15 -6.60419e-16 -1.56037e-15 -7.17872e-10 -1.22628e-09  5.86931e-10  2.36231e-12 -8.55023e-11  2.53299e-12
-1.60251e-14 -1.03496e-14  3.72595e-15 -3.49935e-13 -1.91356e-13  5.05215e-14 -3.52307e-12 -1.41407e-12  6.91746e-14 -1.83019e-15 -1.67126e-15  1.62103e-16  5.88401e-15 -2.44616e-14 -2.08229e-14            0            0            0  6.03114e-12  6.89396e-12  1.18899e-11   6.6315e-17 -6.37038e-17  2.52846e-19  1.98625e-15  1.21863e-15 -1.25676e-15  -8.4445e-16  6.74035e-16 -1.56118e-16   4.0011e-12  8.31253e-11  2.36231e-12  5.17212e-10 -7.52862e-12 -1.82108e-12
 2.35806e-13  6.66733e-14 -4.16688e-14  5.87236e-12  1.20969e-13 -5.26626e-13  7.05998e-11 -1.96168e-11  5.06471e-13  1.04143e-13   2.3462e-14 -1.07019e-14  2.84579e-13  6.06582e-13  1.17386e-12            0            0            0 -8.52375e-11 -3.98635e-10 -1.42216e-10  1.05768e-17 -7.92779e-18  7.06673e-20  5.98962e-16   3.2066e-16  1.79962e-15  1.31511e-14 -3.24926e-16  1.32278e-14 -4.37888e-11  4.21517e-12 -8.55023e-11 -7.52862e-12  5.25763e-10  3.36706e-12
-4.52411e-13 -3.90913e-13   1.2957e-13 -8.91383e-12 -8.56367e-12  2.13562e-12 -7.53167e-11 -8.72246e-11  1.13865e-11  4.09146e-14 -3.44506e-14 -5.10912e-15  5.03336e-13 -2.57919e-13  4.54735e-13            0            0            0  1.20517e-10  -1.6171e-10  3.75169e-10 -5.07897e-17  5.27809e-17 -3.29652e-19  1.21338e-15    7.848e-16  9.16552e-16 -1.10386e-14  1.71018e-16  1.30909e-14  3.81267e-12  4.24323e-11  2.53299e-12 -1.82108e-12  3.36706e-12  5.19692e-10
];

P(16:18,:)=[];
P(:,16:18)=[];



%%
% one unknown landmark: Cov In Pos != 0

close all; clear all; clc

P=[           1  3.50599e-09 -1.42036e-08  9.30436e-08  4.29225e-08 -1.43057e-07  6.36776e-07  1.93492e-07 -6.47357e-07  2.67532e-09  7.57708e-09  4.91815e-09 -1.88509e-10  1.03155e-08  3.67997e-09            0            0            0  3.23722e-08 -8.15204e-10  1.37974e-08  6.17591e-16 -8.25354e-16  2.78717e-16            1 -3.23656e-10 -9.10091e-10  3.66686e-10  5.62691e-09  4.08577e-09
 3.50599e-09            1 -1.21783e-08  4.27687e-08  7.99834e-08 -1.22666e-07  1.91484e-07    5.798e-07 -5.55559e-07 -6.48244e-09  4.91874e-10 -1.52839e-09 -9.99559e-09  4.39861e-10 -4.69189e-09            0            0            0  1.14516e-09  -2.5454e-08  2.04142e-09 -7.34948e-16    4.707e-16  2.54761e-16 -1.44285e-10            1 -3.20241e-10  2.56999e-09  -2.7288e-09  3.98763e-10
-1.42036e-08 -1.21783e-08            1 -1.42468e-07 -1.22443e-07  4.50583e-07 -6.37966e-07 -5.51464e-07  2.25627e-06 -8.67783e-10  2.84535e-09  -2.1275e-09 -3.04914e-09  3.65346e-09 -1.53792e-10            0            0            0  1.51738e-08  6.75006e-09  2.08113e-08  7.44731e-17  7.54396e-16 -8.04786e-16 -5.29048e-10 -3.87339e-10            1 -8.32557e-10 -1.76933e-09  1.68531e-09
 9.30436e-08  4.27687e-08 -1.42468e-07  2.57418e-06  7.37125e-07 -2.45844e-06  3.06467e-05  4.54922e-06 -1.52342e-05  1.91584e-08  5.30246e-08  3.27768e-09 -5.80762e-09   3.5915e-07  1.28659e-07            0            0            0 -5.64405e-08 -2.03896e-08 -9.72708e-08  2.55475e-17 -4.25075e-17 -4.42969e-17  7.95184e-13  4.25771e-12 -3.40049e-11  1.05153e-10   1.0842e-10  -2.5303e-10
 4.29225e-08  7.99834e-08 -1.22443e-07  7.37125e-07  2.34867e-06 -2.10743e-06  4.54518e-06  2.92633e-05 -1.30521e-05 -5.57477e-08  1.35935e-08 -5.25665e-09  -3.5259e-07  1.11689e-08 -1.60603e-07            0            0            0 -1.43695e-08  5.95206e-08 -8.31458e-08 -6.95924e-18  1.58556e-17 -1.20617e-18 -2.05918e-12 -1.09099e-11  8.06449e-12 -2.46761e-10  9.50263e-11 -8.08697e-11
-1.43057e-07 -1.22666e-07  4.50583e-07 -2.45844e-06 -2.10743e-06  8.71435e-06 -1.51673e-05 -1.30071e-05  6.86284e-05  -1.0684e-08  2.47404e-08 -3.32408e-10 -1.09084e-07  1.29922e-07 -3.56639e-09            0            0            0  -2.3562e-08  8.87222e-09  2.74425e-07  1.29859e-17  9.79446e-18 -1.83492e-17  2.72916e-11 -2.97617e-12 -2.08653e-11  1.75244e-10   1.0244e-10  1.37446e-10
 6.36776e-07  1.91484e-07 -6.37966e-07  3.06467e-05  4.54518e-06 -1.51673e-05  0.000860843  3.53893e-05 -0.000118542   1.7615e-07  4.93374e-07  2.64894e-08 -7.97892e-08  4.57908e-06   1.6133e-06            0            0            0 -1.16127e-06 -4.05366e-07 -9.12039e-07  3.92599e-17 -1.25097e-16 -3.63163e-16 -1.64672e-10   6.1876e-11 -1.97357e-11 -3.64924e-10 -4.15322e-10 -1.73061e-09
 1.93492e-07    5.798e-07 -5.51464e-07  4.54922e-06  2.92633e-05 -1.30071e-05  3.53893e-05   0.00085011 -0.000101533 -5.16221e-07  1.28859e-07 -4.68833e-08 -4.49927e-06  1.36436e-07  -2.0145e-06            0            0            0 -2.97206e-07  1.21918e-06 -7.77035e-07 -1.38456e-16  7.45156e-17  7.00502e-17 -6.51052e-11 -6.24556e-11  1.48957e-10 -1.79545e-09  5.37793e-11 -1.12289e-10
-6.47358e-07 -5.55559e-07  2.25627e-06 -1.52342e-05 -1.30521e-05  6.86284e-05 -0.000118542 -0.000101533   0.00115655 -9.52593e-08  2.20093e-07 -3.75733e-09 -1.36593e-06  1.63589e-06 -3.88795e-08            0            0            0 -4.86428e-07  2.11365e-07  2.57944e-06 -6.97762e-17  2.27237e-16 -1.22109e-16  2.14633e-10 -4.66701e-11 -5.80072e-11  8.04554e-10  5.74375e-10  1.82893e-09
 2.67532e-09 -6.48244e-09 -8.67783e-10  1.91584e-08 -5.57477e-08  -1.0684e-08   1.7615e-07 -5.16221e-07 -9.52593e-08  1.62474e-08  8.65084e-10  3.73191e-11  1.19716e-07   3.1301e-08  5.01533e-08            0            0            0  3.95564e-09  6.92294e-08 -1.18583e-08 -3.28192e-17 -2.82158e-17  5.40165e-17  2.13431e-10 -4.16343e-10  2.00002e-10 -7.11163e-09  3.89411e-09 -2.47223e-10
 7.57709e-09  4.91874e-10  2.84535e-09  5.30246e-08  1.35935e-08  2.47404e-08  4.93374e-07  1.28859e-07  2.20093e-07  8.65084e-10  1.75159e-08  4.42606e-09 -4.19852e-08  1.24745e-07  2.22116e-08            0            0            0  7.08374e-08 -3.26686e-09  4.05516e-08 -2.11698e-16 -9.89014e-17 -5.58429e-17  1.14707e-09 -5.05883e-10 -3.60169e-10  5.83468e-10  5.65773e-09  8.68357e-09
 4.91815e-09 -1.52839e-09  -2.1275e-09  3.27768e-09 -5.25665e-09 -3.32408e-10  2.64894e-08 -4.68833e-08 -3.75733e-09  3.73194e-11  4.42606e-09   3.0168e-08 -5.02432e-08 -4.17023e-08  1.35452e-07            0            0            0  8.37008e-09 -7.55814e-08  1.93371e-08  2.87461e-15 -2.10791e-15  -2.3131e-16   2.6112e-09 -7.87469e-10 -2.93087e-09  9.17069e-09  1.90614e-08  2.44591e-09
-1.88509e-10 -9.99558e-09 -3.04914e-09 -5.80761e-09  -3.5259e-07 -1.09084e-07 -7.97892e-08 -4.49927e-06 -1.36593e-06  1.19716e-07 -4.19852e-08 -5.02432e-08  7.78529e-05  3.85956e-08 -1.06446e-07            0            0            0  5.31298e-09 -9.13641e-09  2.48131e-11 -8.65952e-17  5.45059e-17   3.9926e-18 -5.66868e-11  1.58876e-11  7.90497e-11 -2.24791e-10  -4.7727e-10  9.34785e-11
 1.03155e-08  4.39861e-10  3.65346e-09   3.5915e-07  1.11688e-08  1.29922e-07  4.57908e-06  1.36436e-07  1.63589e-06   3.1301e-08  1.24745e-07 -4.17023e-08  3.85956e-08  7.78349e-05  -8.3956e-08            0            0            0 -1.14206e-08 -4.93215e-09  9.73488e-10  2.03167e-17 -2.19819e-17  -8.9643e-19  2.82142e-11 -1.27033e-12 -3.58597e-11  2.60096e-10  1.32342e-10  8.95776e-11
 3.67997e-09 -4.69189e-09 -1.53792e-10  1.28659e-07 -1.60603e-07 -3.56639e-09   1.6133e-06  -2.0145e-06 -3.88795e-08  5.01533e-08  2.22116e-08  1.35452e-07 -1.06446e-07  -8.3956e-08  7.80304e-05            0            0            0 -3.03711e-09  -4.2649e-09 -6.98893e-10 -2.14841e-17  1.17783e-17  3.69257e-18 -2.16339e-11 -4.07415e-13  2.80578e-11 -2.32833e-10 -8.63517e-11  -8.1381e-11
           0            0            0            0            0            0            0            0            0            0            0            0            0            0            0            0            0            0            0            0            0            0            0            0            0            0            0            0            0            0
           0            0            0            0            0            0            0            0            0            0            0            0            0            0            0            0            0            0            0            0            0            0            0            0            0            0            0            0            0            0
           0            0            0            0            0            0            0            0            0            0            0            0            0            0            0            0            0            0            0            0            0            0            0            0            0            0            0            0            0            0
 3.23722e-08  1.14516e-09  1.51738e-08 -5.64405e-08 -1.43695e-08  -2.3562e-08 -1.16127e-06 -2.97206e-07 -4.86428e-07  3.95564e-09  7.08374e-08  8.37009e-09  5.31298e-09 -1.14206e-08 -3.03711e-09            0            0            0  9.39489e-06  5.07416e-08  3.21551e-07 -5.76546e-15  2.07487e-15 -2.03974e-16  5.99009e-09 -3.06402e-09  1.17417e-09 -5.17435e-09  1.96566e-08   7.0328e-08
-8.15193e-10  -2.5454e-08  6.75006e-09 -2.03896e-08  5.95207e-08  8.87222e-09 -4.05366e-07  1.21918e-06  2.11365e-07  6.92294e-08 -3.26685e-09 -7.55814e-08  -9.1364e-09 -4.93215e-09  -4.2649e-09            0            0            0  5.07416e-08  9.70429e-06 -1.51782e-07 -1.13664e-14  7.74772e-15  1.30409e-15 -7.36652e-09 -1.04261e-09  1.27855e-08 -9.73615e-08  -3.4904e-08 -5.79981e-09
 1.37974e-08  2.04142e-09  2.08113e-08 -9.72708e-08 -8.31458e-08  2.74425e-07 -9.12039e-07 -7.77035e-07  2.57944e-06 -1.18583e-08  4.05516e-08  1.93371e-08   2.4813e-11  9.73488e-10 -6.98893e-10            0            0            0  3.21551e-07 -1.51782e-07  9.00488e-06 -8.96929e-16 -3.59422e-16  -3.2443e-16  4.79378e-09 -1.43939e-09 -1.88096e-09  1.62928e-08  1.75359e-08  3.97351e-08
 6.17591e-16 -7.34948e-16  7.44732e-17  2.55475e-17 -6.95923e-18  1.29859e-17  3.92599e-17 -1.38457e-16 -6.97762e-17 -3.28191e-17 -2.11698e-16  2.87461e-15 -8.65952e-17  2.03167e-17 -2.14841e-17            0            0            0 -5.76545e-15 -1.13664e-14 -8.96929e-16  9.99999e-16  2.57877e-22  8.79218e-24  2.88134e-16  3.54611e-16  2.89774e-16  1.37763e-15  2.48756e-15 -4.70051e-16
-8.25354e-16    4.707e-16  7.54396e-16 -4.25075e-17  1.58556e-17  9.79446e-18 -1.25097e-16  7.45156e-17  2.27237e-16 -2.82158e-17 -9.89015e-17 -2.10791e-15  5.45059e-17 -2.19819e-17  1.17783e-17            0            0            0  2.07487e-15  7.74772e-15 -3.59422e-16  2.57877e-22        1e-15  6.01019e-23  1.89788e-16  6.47585e-16  1.17871e-15 -9.44788e-16 -1.88398e-15  1.01227e-16
 2.78717e-16  2.54761e-16 -8.04786e-16 -4.42969e-17 -1.20617e-18 -1.83492e-17 -3.63163e-16  7.00502e-17 -1.22109e-16  5.40165e-17 -5.58429e-17  -2.3131e-16   3.9926e-18  -8.9643e-19  3.69257e-18            0            0            0 -2.03974e-16  1.30409e-15 -3.24429e-16  8.79218e-24  6.01019e-23        1e-15 -4.54177e-17 -1.00499e-17   1.5883e-16 -1.50523e-16 -1.87591e-16 -4.11328e-17
           1 -1.44285e-10 -5.29048e-10  8.07915e-13 -2.06048e-12  2.72968e-11 -1.64547e-10 -6.51146e-11   2.1466e-10   2.1343e-10  1.14707e-09   2.6112e-09 -5.66869e-11  2.82127e-11 -2.16346e-11            0            0            0  5.99008e-09 -7.36653e-09  4.79377e-09  2.88134e-16  1.89788e-16 -4.54177e-17            1 -6.10143e-11 -7.38163e-10  9.33627e-10  2.56183e-09  8.61192e-10
-3.23656e-10            1 -3.87339e-10  4.25821e-12 -1.09107e-11 -2.97746e-12  6.18799e-11 -6.24399e-11 -4.66897e-11 -4.16344e-10 -5.05883e-10 -7.87469e-10  1.58887e-11 -1.27009e-12 -4.06736e-13            0            0            0 -3.06402e-09 -1.04262e-09 -1.43939e-09  3.54611e-16  6.47585e-16 -1.00499e-17 -6.10145e-11            1 -3.20516e-10  4.14372e-11 -9.54068e-10 -3.70166e-10
 -9.1009e-10 -3.20242e-10            1 -3.40068e-11   8.0641e-12 -2.08654e-11 -1.97594e-11  1.48945e-10   -5.802e-11  2.00002e-10 -3.60168e-10 -2.93087e-09  7.90487e-11 -3.58581e-11  2.80579e-11            0            0            0  1.17418e-09  1.27855e-08 -1.88095e-09  2.89774e-16  1.17871e-15   1.5883e-16 -7.38163e-10 -3.20516e-10            1 -1.50729e-09  -2.5441e-09 -1.10957e-10
 3.66685e-10  2.56999e-09 -8.32557e-10  1.05153e-10 -2.46761e-10  1.75244e-10 -3.64924e-10 -1.79545e-09  8.04554e-10 -7.11163e-09  5.83467e-10  9.17069e-09 -2.24791e-10  2.60095e-10 -2.32833e-10            0            0            0 -5.17435e-09 -9.73615e-08  1.62928e-08  1.37763e-15 -9.44788e-16 -1.50523e-16  9.33626e-10  4.14365e-11 -1.50729e-09  1.04828e-08  4.96243e-09  6.83502e-10
 5.62691e-09  -2.7288e-09 -1.76933e-09   1.0842e-10  9.50263e-11   1.0244e-10 -4.15321e-10  5.37793e-11  5.74375e-10  3.89411e-09  5.65773e-09  1.90614e-08  -4.7727e-10  1.32342e-10 -8.63517e-11            0            0            0  1.96566e-08  -3.4904e-08  1.75359e-08  2.48756e-15 -1.88398e-15 -1.87591e-16  2.56183e-09 -9.54067e-10  -2.5441e-09  4.96243e-09  1.93619e-08  3.29349e-09
 4.08578e-09  3.98763e-10  1.68531e-09  -2.5303e-10 -8.08697e-11  1.37446e-10 -1.73061e-09 -1.12289e-10  1.82893e-09 -2.47223e-10  8.68357e-09  2.44591e-09  9.34784e-11  8.95776e-11 -8.13811e-11            0            0            0   7.0328e-08 -5.79982e-09  3.97351e-08 -4.70052e-16  1.01227e-16 -4.11328e-17  8.61194e-10 -3.70166e-10 -1.10958e-10  6.83502e-10  3.29349e-09   8.3727e-09
];
P(16:18,:)=[];
P(:,16:18)=[];


%%
% Two unknown landmarks: Cov In Pos != 0

close all; clear all; clc

P=[           1  5.42696e-09 -1.15434e-08  8.90637e-08  5.50537e-08 -1.10705e-07  6.59944e-07  2.54791e-07 -5.14287e-07  5.19758e-09  8.81966e-09  8.63622e-09   8.8869e-10   2.3482e-08  1.57358e-08            0            0            0  2.92882e-08  -1.8454e-08  1.48693e-08  7.37413e-16 -5.10535e-16  1.74095e-16            1 -4.95637e-10 -1.95059e-09  3.48908e-09  9.31613e-09  3.45256e-09            1   1.1509e-09 -1.43179e-09 -3.33778e-09  9.33833e-09  3.53028e-09
 5.42696e-09            1 -1.77218e-08  5.62226e-08  1.42204e-07 -1.77066e-07  2.66435e-07  9.01554e-07 -8.20838e-07 -3.85091e-09   2.1881e-09  8.79744e-11 -2.43972e-08 -4.96034e-10 -6.77691e-09            0            0            0  2.08006e-09  -6.5525e-09 -5.94115e-09 -2.34203e-16 -1.00075e-17  4.27886e-16  7.82947e-11            1 -5.21058e-10  8.71952e-10 -4.76096e-10  3.74263e-10  7.38855e-12            1 -3.06401e-10 -3.86448e-10 -4.59338e-10  8.32875e-10
-1.15434e-08 -1.77218e-08            1 -1.11903e-07 -1.76621e-07  4.07235e-07 -5.28702e-07 -8.16082e-07  2.12832e-06 -1.35024e-09  2.03062e-09  -4.6179e-10 -1.49826e-08  7.78574e-09  1.01912e-09            0            0            0  1.66456e-09  6.24941e-10   2.0057e-08  4.18647e-16  5.94045e-16 -7.18961e-16 -5.23945e-10 -3.90747e-10            1 -5.19246e-11 -6.64617e-10  2.95421e-10 -6.79265e-10 -5.00651e-10            1 -2.90649e-10  -6.5081e-10 -6.61457e-11
 8.90637e-08  5.62226e-08 -1.11903e-07  2.64907e-06  9.64791e-07 -1.91686e-06  3.37471e-05   6.1197e-06 -1.20775e-05  4.32151e-08  5.38837e-08  7.04268e-09 -1.50551e-08  8.16388e-07  5.32278e-07            0            0            0 -7.32253e-08  -5.7782e-08 -1.18282e-07  3.18536e-17  3.05451e-17  1.04379e-16  8.57363e-13   2.5776e-13 -6.55988e-12  2.62645e-11 -3.81083e-12  1.21489e-11  1.24013e-12  5.91579e-13  1.52458e-13 -4.44207e-12 -3.92118e-12  2.74593e-11
 5.50537e-08  1.42204e-07 -1.76621e-07  9.64791e-07  3.58349e-06 -3.07733e-06  6.15614e-06  3.96798e-05 -1.94891e-05 -5.46939e-08  3.17328e-08  1.25469e-09  -8.6247e-07 -1.80973e-08 -2.46723e-07            0            0            0 -4.60909e-08  7.50762e-08 -1.92012e-07 -4.13433e-17  4.39705e-17 -4.33095e-17 -1.01026e-10  4.58325e-11  1.25648e-10 -3.07961e-10 -8.13035e-10 -2.17333e-10 -3.03979e-10 -9.79651e-11  7.44707e-11  2.18666e-10 -8.12157e-10 -3.18988e-10
-1.10705e-07 -1.77066e-07  4.07235e-07 -1.91686e-06 -3.07733e-06  8.18492e-06 -1.21942e-05 -1.95535e-05  6.87398e-05 -1.70988e-08  3.40602e-08  3.00633e-09 -4.83087e-07  2.65429e-07  4.05943e-08            0            0            0 -4.39743e-08  2.32076e-08   3.7855e-07 -6.53481e-17  2.61797e-17  1.04646e-17 -2.78985e-11  1.08588e-11  5.00228e-11 -1.84729e-10  -2.1306e-10 -1.28908e-11 -8.52437e-11 -3.01104e-11    7.328e-12  4.28691e-12 -2.12092e-10 -1.79572e-10
 6.59944e-07  2.66435e-07 -5.28702e-07  3.37471e-05  6.15614e-06 -1.21942e-05  0.000868883  4.86054e-05 -9.57482e-05  3.88721e-07  4.90217e-07  6.19244e-08 -2.53749e-07  1.02859e-05  6.77676e-06            0            0            0 -1.29242e-06 -1.01635e-06 -1.05549e-06  1.39088e-16 -1.83231e-17  7.34509e-16  6.19209e-12  1.03724e-11 -8.29549e-11  3.30923e-10 -8.04087e-11  3.11574e-11  3.84688e-12  9.63555e-12  1.13591e-11  6.65752e-11 -8.79583e-11  3.70632e-10
 2.54791e-07  9.01554e-07 -8.16082e-07   6.1197e-06  3.96798e-05 -1.95535e-05  4.86054e-05  0.000915964 -0.000154761 -5.01159e-07  2.92243e-07  1.48127e-08  -1.0945e-05 -2.04963e-07 -3.16501e-06            0            0            0 -7.87532e-07  1.32462e-06 -1.71015e-06 -4.07611e-16  2.54934e-16 -8.41885e-16  -6.0012e-10  2.60866e-10   7.4532e-10 -1.97894e-09 -4.66613e-09 -1.39002e-09 -1.77619e-09 -5.72785e-10  3.99052e-10  1.44137e-09 -4.65983e-09 -2.09356e-09
-5.14287e-07 -8.20838e-07  2.12832e-06 -1.20775e-05 -1.94891e-05  6.87398e-05 -9.57482e-05 -0.000154761   0.00114605 -1.45091e-07  3.01863e-07   2.6032e-08 -5.98352e-06  3.30155e-06  5.10833e-07            0            0            0 -7.95485e-07  3.76628e-07   3.3586e-06 -2.17257e-16  3.63287e-16 -1.70123e-16 -3.96504e-10  1.77177e-10  5.96876e-10 -1.85093e-09  -3.1066e-09 -8.10131e-10 -1.19912e-09 -3.93523e-10  2.25766e-10  7.24106e-10 -3.10659e-09 -1.82393e-09
 5.19758e-09 -3.85091e-09 -1.35024e-09  4.32151e-08 -5.46939e-08 -1.70988e-08  3.88721e-07 -5.01159e-07 -1.45091e-07  1.07664e-08  2.36102e-09  3.84216e-09   5.8957e-08  3.52529e-08  3.42323e-08            0            0            0   1.2292e-08  4.29522e-09  5.30112e-09 -3.90937e-16   2.9796e-16  -3.0058e-17  5.45391e-10 -3.24629e-10 -5.34864e-10  7.59294e-11  5.35381e-09  1.36051e-09  1.79485e-09  5.55538e-10 -7.00794e-10 -1.26929e-09  5.34436e-09  1.63229e-10
 8.81966e-09   2.1881e-09  2.03062e-09  5.38837e-08  3.17328e-08  3.40602e-08  4.90217e-07  2.92243e-07  3.01863e-07  2.36102e-09  1.53582e-08   9.0229e-09 -4.28557e-08  6.20797e-08  1.19874e-08            0            0            0  4.02861e-08 -2.64571e-08  2.93167e-08 -7.87522e-17  1.98034e-17 -1.22576e-16  1.38025e-09 -6.19088e-10 -1.79085e-09  4.78466e-09  1.01416e-08  4.87349e-09  3.95827e-09  1.20848e-09 -1.03201e-09 -4.73481e-09   1.0199e-08  4.78871e-09
 8.63622e-09  8.79736e-11 -4.61791e-10  7.04268e-09  1.25469e-09  3.00633e-09  6.19244e-08  1.48127e-08   2.6032e-08  3.84216e-09   9.0229e-09  2.57016e-08 -2.99603e-08 -6.06563e-08  1.08462e-07            0            0            0  3.94559e-08 -4.70675e-08  3.13214e-08  2.00727e-15 -1.77524e-15 -1.79628e-16  2.17338e-09 -9.57963e-10  -2.8972e-09  7.85923e-09  1.71873e-08  4.22768e-09  6.51729e-09  2.12404e-09 -1.45675e-09 -4.12301e-09  1.71732e-08  7.91569e-09
  8.8869e-10 -2.43972e-08 -1.49826e-08 -1.50551e-08  -8.6247e-07 -4.83087e-07 -2.53749e-07  -1.0945e-05 -5.98352e-06   5.8957e-08 -4.28557e-08 -2.99603e-08  0.000136731  2.92827e-07 -4.45925e-07            0            0            0   3.5582e-08 -4.23637e-08  4.18758e-09  1.35995e-16 -1.29025e-16  1.38562e-17  2.22923e-10 -1.02754e-10 -2.85522e-10  7.04846e-10  1.79152e-09  5.16116e-10   6.7102e-10   2.1479e-10 -1.68745e-10 -5.01337e-10   1.7916e-09  7.15517e-10
  2.3482e-08 -4.96034e-10  7.78573e-09  8.16388e-07 -1.80973e-08  2.65429e-07  1.02859e-05 -2.04962e-07  3.30155e-06  3.52529e-08  6.20797e-08 -6.06563e-08  2.92827e-07  0.000137293 -1.06995e-06            0            0            0 -3.73204e-08 -2.33401e-08 -6.31058e-10 -2.80397e-17 -3.67595e-18  1.89512e-17  -1.2423e-11  7.30859e-12  1.21667e-11  -6.6043e-12 -1.30803e-10 -2.74341e-12 -4.30098e-11  -1.4267e-11    1.355e-11  3.65959e-12 -1.30001e-10 -7.40643e-12
 1.57358e-08 -6.77691e-09  1.01912e-09  5.32278e-07 -2.46723e-07  4.05943e-08  6.77676e-06 -3.16501e-06  5.10833e-07  3.42323e-08  1.19874e-08  1.08462e-07 -4.45925e-07 -1.06995e-06  0.000138264            0            0            0  -1.1308e-08 -2.54426e-08  2.10079e-09   4.2684e-17 -5.82825e-17  1.17032e-17  9.44808e-11 -3.78417e-11 -1.33244e-10  4.27122e-10  6.45562e-10  3.03076e-10  2.63957e-10  8.26357e-11 -5.27419e-11 -2.96651e-10  6.49141e-10  4.25235e-10
           0            0            0            0            0            0            0            0            0            0            0            0            0            0            0            0            0            0            0            0            0            0            0            0            0            0            0            0            0            0            0            0            0            0            0            0
           0            0            0            0            0            0            0            0            0            0            0            0            0            0            0            0            0            0            0            0            0            0            0            0            0            0            0            0            0            0            0            0            0            0            0            0
           0            0            0            0            0            0            0            0            0            0            0            0            0            0            0            0            0            0            0            0            0            0            0            0            0            0            0            0            0            0            0            0            0            0            0            0
 2.92882e-08  2.08005e-09  1.66457e-09 -7.32254e-08 -4.60909e-08 -4.39743e-08 -1.29242e-06 -7.87532e-07 -7.95485e-07  1.22921e-08  4.02861e-08  3.94559e-08   3.5582e-08 -3.73204e-08  -1.1308e-08            0            0            0  1.35596e-05 -1.01703e-07  1.84997e-07 -5.27349e-15  4.26239e-15 -6.49544e-16  6.64371e-09 -3.09125e-09 -8.07478e-09  2.12922e-08  4.70533e-08  3.06092e-08  1.85878e-08  5.36574e-09 -5.23785e-09 -3.03476e-08  4.75656e-08  2.12077e-08
 -1.8454e-08 -6.55252e-09   6.2494e-10  -5.7782e-08  7.50762e-08  2.32076e-08 -1.01635e-06  1.32462e-06  3.76628e-07  4.29522e-09 -2.64571e-08 -4.70675e-08 -4.23637e-08 -2.33401e-08 -2.54426e-08            0            0            0 -1.01703e-07  1.35897e-05 -1.18647e-07 -1.18506e-14  1.01894e-14  6.05923e-16 -5.98356e-09  1.91036e-09  9.57548e-09 -3.71546e-08 -3.81163e-08 -1.10131e-08 -1.65073e-08 -5.60544e-09  1.28309e-09  1.11471e-08 -3.80825e-08 -3.74732e-08
 1.48693e-08 -5.94115e-09   2.0057e-08 -1.18282e-07 -1.92012e-07   3.7855e-07 -1.05549e-06 -1.71015e-06   3.3586e-06  5.30113e-09  2.93167e-08  3.13214e-08  4.18758e-09 -6.31058e-10  2.10079e-09            0            0            0  1.84997e-07 -1.18647e-07  1.34206e-05 -5.85403e-16   3.6458e-16 -4.11657e-16  4.95627e-09 -2.05946e-09 -6.43077e-09   1.9101e-08  3.36243e-08  1.91721e-08   1.3663e-08  4.11833e-09 -3.24458e-09 -1.91417e-08  3.39012e-08  1.91574e-08
